Bonaire Sint Eustatius and Saba 
 [ 0.16359015 11.01828165  1.00000297  1.99434068  0.99999705  2.00401086] 
 a^(b*x) + c^(d*x) + f^(g*x) 
 [2 2 2 2 2 2 2] 
 4.729324233819301e-10
Timor 
 [ 1.          0.23270011  0.59307332 44.04046389  0.28613241 22.40489383] 
 a^(b*x) + c^(d*x) + f^(g*x) 
 [1 1 1 1 1 1 1 1 1 1 1 1 1 1 1 1 1 1] 
 6.146570906572101e-12
United Kingdom 
 [1.1209468  1.26168042 1.12080693 1.26306084 1.12074059 1.26371675] 
 a^(b*x) + c^(d*x) + f^(g*x) 
 [    2     2     2     2     2     2     2     3     3     4     4     8
     8     9     9     9     9     9     9     9     9     9     9     9
    13    13    13    13    16    18    23    36    40    51    85   115
   163   206   273   321   373   456   590   707  1140  1391  1543  1950
  2630  3277  3983  5018  5683  6650  8077  9529 11658 14543 17089 19522
 22141 25150 29474 33718 38168 41903 47806 51608 55242] 
 735.7777305475078
