Bangladesh 
 [1.         1.45284571 1.         1.         1.         1.
 1.        ] 
 x^b 
 [  3   3   5   8  10  10  17  24  27  33  39  39  48  48  48  49  49  51
  54  56  61  70  88 123 164] 
 9.57307633778962
Barbados 
 [1.         1.34092527 1.         1.         1.         1.
 1.        ] 
 x^b 
 [ 1  1  2  6 14 17 17 18 18 24 24 26 33 34 34 45 45 45 51 56 60 63] 
 1.923092486713191
Indonesia 
 [1.         2.30233674 1.         1.         1.         1.
 1.        ] 
 x^b 
 [   2    4    6   19   34   69   96  117  134  172  172  227  309  450
  514  579  686  790  893 1046 1155 1285 1414 1528 1677 1790 1986 2092
 2273 2491 2738] 
 26.16794074757934
