Afghanistan 
 [901.59160163  53.66059208  20.73918503 -14.97887897  20.92538627
  -5.96216129   1.        ] 
 (e^a * x^b) * x^c 
 [  1   1   1   1   1   1   1   4   7  10  16  21  22  22  22  24  24  34
  40  42  75  75  91 106 114 141 166 192 235 235 270 299 337 367] 
 3.80327709156791
Turkey 
 [-1.63042591e+04  9.15561134e+03  8.93207681e+02  4.28768590e+04
  3.18202267e+01  1.17050322e+01  1.00000000e+00] 
 (e^a * x^b) * x^c 
 [    1     2    18    47    98   191   359   670   947  1236  1529  1872
  2433  3629  5698  7402  9217 10827 13531 15679 18135 20921 23934 27069
 30217 34109] 
 287.3732287079101
Albania 
 [522.07537562  42.53422684 -21.41858048 -10.26839322   1.94358377
   2.43849589   1.        ] 
 (e^a * x^b) * x^c 
 [  2   6  10  11  23  33  38  42  51  55  59  70  70  76  89 100 123 146
 174 186 197 212 223 243 259 277 304 333 361 377 383] 
 6.085394902461812
Algeria 
 [3.06721945e+02 3.60013811e+01 3.32085328e+00 2.44722363e+03
 5.32585154e+01 1.86543485e+01 1.00000000e+00] 
 (e^a * x^b) * x^c 
 [   1    1    1    1    1    3    5   12   17   20   20   24   26   37
   48   60   60   73   82   94   94  102  189  231  264  305  305  409
  454  511  584  847  847  986 1300 1320 1423 1468] 
 17.64297992230963
Andorra 
 [407.53932796  21.69004599  10.2512494  218.43156843  27.00202871
   3.64722757   1.        ] 
 (e^a * x^b) * x^c 
 [  1   2   5  14  14  53  75  75  88 113 133 164 188 224 267 308 334 370
 376 390 428 439 466 501 526 545] 
 6.724394174196435
Angola 
 [10.34973385 17.73543481  2.22952845  8.01273842 14.11006457  8.94189788
  1.        ] 
 (e^a * x^b) * x^c 
 [ 2  2  2  2  2  3  4  4  7  7  7  8  8  8 10 14 16 17] 
 0.5229500773183888
Anguilla 
 [ 3.12955936e+13 -1.20412293e+03  2.18677923e+02  1.94553968e+00
  1.14945733e+01  4.95849171e+00  1.00000000e+00] 
 (e^a * x^b) * x^c 
 [2 2 2 2 2 2 2 3 3 3 3 3 3] 
 0.1265798022478281
Antigua and Barbuda 
 [31.13835607 37.57406332 21.90706009 -2.24838168  4.02684224 -2.39462765
  1.        ] 
 (e^a * x^b) * x^c 
 [ 1  1  1  1  1  3  3  7  7  7  7  7  7  7  9 15 15 15 15 15] 
 1.1140818491762035
Argentina 
 [6.81204867e+02 3.36206249e+01 3.85999093e+00 1.12894470e+03
 2.98870592e+01 1.08082783e+01 1.00000000e+00] 
 (e^a * x^b) * x^c 
 [   1    2    8    9   12   19   31   34   45   56   65   79   97  128
  158  225  266  301  387  502  589  690  745  820  966  966 1133 1133
 1265 1451 1554 1628 1715] 
 17.105720363017245
Armenia 
 [-2.78950317e+01  4.63459427e+00  3.48156522e+00  1.01494693e+03
  3.65418044e+01  1.73330157e+01  1.00000000e+00] 
 (e^a * x^b) * x^c 
 [  1   1   4   6  13  20  30  52  78 115 122 136 160 190 194 265 290 329
 372 424 424 482 532 571 663 736 770 822 833 853] 
 12.11862944646781
Aruba 
 [-41.56015998   0.96284213   8.56274957  76.2847729   23.0139243
  29.90792781   1.        ] 
 (e^a * x^b) * x^c 
 [ 2  4 12 17 19 28 28 28 50 55 55 60 62 64 64 71 74] 
 2.7670963513857583
Australia 
 [ 4.43105097e+03  6.90558489e+01  9.92075784e+00  3.29502165e+03
  7.75573708e+01 -6.49775783e+00  1.00000000e+00] 
 (e^a * x^b) * x^c 
 [   1    4    4    4    4    6    7    9   11   11   11   12   13   14
   14   14   14   14   14   14   15   15   15   15   15   15   15   17
   21   22   22   22   22   23   23   25   26   29   33   41   52   59
   63   74   80  100  112  126  156  197  249  298  375  454  565  709
  874 1098 1709 1823 2423 2799 3166 3378 3809 4093 4557 4707 4976 5224
 5548 5687 5744 5844 5956] 
 42.42673185467765
Austria 
 [ 1.22276184e+04  4.17043044e+01  1.35863138e+01  3.72770161e+03
  1.01267841e+03 -1.38505885e+01  1.00000000e+00] 
 (e^a * x^b) * x^c 
 [    2     2     5     7    10    14    18    24    29    41    74    99
   102   131   182   246   361   504   655   860  1016  1332  1646  2196
  2649  3024  3631  4486  5282  5888  7029  7697  8291  8813  9618 10182
 10711 11129 11525 11766 11983 12297 12640] 
 110.56184216123324
Azerbaijan 
 [-1.58750041e+01 -1.22922405e+02  2.20423378e+01  1.69834985e+03
  4.96543433e+01  1.79682511e+01  1.00000000e+00] 
 (e^a * x^b) * x^c 
 [  1   1   3   6   9  11  13  13  19  19  19  28  34  44  44  53  65  72
  87  93 122 165 182 209 273 298 359 400 443 521 584 641 717] 
 6.259940521979353
Bahamas 
 [69.85239028 36.55739123 17.92520404 16.1977168  16.5135706   0.36558026
  1.        ] 
 (e^a * x^b) * x^c 
 [ 1  1  3  4  4  4  4  4  5  9  9 11 14 14 15 21 24 24 28 29 33 36] 
 0.7030310180497358
Bahrain 
 [-1.59169822e+05  2.47345248e+02 -5.32287471e+02  2.78735866e+05
  8.80272019e+02  9.99153085e+02  1.00000000e+00] 
 (e^a * x^b) * x^c 
 [  1   2  23  33  33  38  41  47  49  52  52  56  63  79 109 110 162 162
 210 211 214 221 237 256 269 285 306 334 339 390 419 458 466 473 500 515
 567 569 643 643 688 700 756 811] 
 12.52463000370302
Bangladesh 
 [1.         1.45284571 1.         1.         1.         1.
 1.        ] 
 x^b 
 [  3   3   5   8  10  10  17  24  27  33  39  39  48  48  48  49  49  51
  54  56  61  70  88 123 164] 
 9.57307633808868
Barbados 
 [1.         1.34092527 1.         1.         1.         1.
 1.        ] 
 x^b 
 [ 1  1  2  6 14 17 17 18 18 24 24 26 33 34 34 45 45 45 51 56 60 63] 
 1.9230924866944148
Belarus 
 [8.22255891e+01 1.92619412e+01 8.39880872e+00 1.48891806e+03
 3.87240588e+01 7.68597040e+00 1.00000000e+00] 
 (e^a * x^b) * x^c 
 [  1   1   1   1   4   6   9  12  21  27  36  36  46  57  57  76  76  81
  81  86  86  94  94  94 105 152 152 254 351 394 564 700 861] 
 5.752258764821647
Belgium 
 [ 1.17405633e+03  5.63247649e+01 -1.56614464e+00  2.67881295e+04
  7.16626787e+01  1.55342610e+01  1.00000000e+00] 
 (e^a * x^b) * x^c 
 [    1     1     1     1     1     1     1     1     1     1     1     1
     1     1     1     1     1     1     1     1     1     1     1     1
     1     1     1     2     8    13    23    50   109   169   200   239
   267   314   399   559   689   886  1085  1243  1486  1795  2257  2815
  3401  3743  4269  4937  6235  7284  9134 10836 11899 12775 13964 15348
 16770 18431 19691 20814 22194] 
 65.4521551814273
Belize 
 [ 2.83292414 15.41876649 -1.25926743  6.02550799 25.5696607  19.29058871
  1.        ] 
 (e^a * x^b) * x^c 
 [1 1 2 2 2 2 2 3 3 3 3 4 4 5 7 7] 
 0.2041690703399499
Benin 
 [ 4.4905768  10.08826374  5.55023057 29.22899771 25.38632815  7.92663884
  1.        ] 
 (e^a * x^b) * x^c 
 [ 1  1  1  2  2  2  2  5  5  5  6  6  6  6  6  8 13 13 16 16 22 26 26] 
 0.7379771383504081
Bermuda 
 [-9.27786296  5.3232954   5.4348892  38.55493062 19.67588575 14.60544191
  1.        ] 
 (e^a * x^b) * x^c 
 [ 2  2  2  6  6  6  6 15 17 22 22 27 32 32 35 35 37 37 39 39] 
 1.1194129439264398
Bhutan 
 [ 5.06021668e+00  2.41210942e+01  1.37959068e+01  4.41740093e+19
 -5.09790525e+02 -7.56394165e+01  1.00000000e+00] 
 (e^a * x^b) * x^c 
 [1 1 1 1 1 1 1 2 2 2 2 2 3 3 3 4 4 4 4 5 5 5 5 5 5 5] 
 0.1778443176919458
Bolivia 
 [325.23381864  40.23344583  19.62292947 -13.57103958  11.57012323
  -3.47753117   1.        ] 
 (e^a * x^b) * x^c 
 [  2   3  10  10  11  12  12  15  19  20  27  28  32  39  61  74  81  96
 107 115 123 132 139 157 183 194 210] 
 3.7450521375071486
Bonaire Sint Eustatius and Saba 
 [0.01176729 4.71066007 1.00000181 2.00454622 0.99999819 2.00651425] 
 a^(b*x) + c^(d*x) + f^(g*x) 
 [2 2 2 2 2 2 2] 
 1.77536747208202e-10
Bosnia and Herzegovina 
 [450.6299337   32.95801363  14.65511879 450.60153936  32.87163489
  14.64430963   1.        ] 
 (e^a * x^b) * x^c 
 [  2   3   3  18  21  21  36  44  44  92 125 129 162 181 181 229 257 323
 353 413 464 532 586 632 663 695 781] 
 11.500794558049996
Botswana 
 [ 7.46853779  6.58251912  5.8772925  -2.86199695  4.70897032  1.62215785
  1.        ] 
 (e^a * x^b) * x^c 
 [3 4 4 4 4 6 7 7] 
 0.10984672382462263
Brazil 
 [ 1.75641385e+04  4.65339679e+01  1.27764778e+01  8.92831881e+02
  2.59779507e+01 -4.71585767e+00  1.00000000e+00] 
 (e^a * x^b) * x^c 
 [    1     1     1     1     2     2     3     8    13    13    25    34
    52    77    98   121   200   234   291   428   621   904  1128  1546
  1891  2201  2433  2915  3417  3904  4256  4579  5717  6836  7910  9056
 10278 11130 12056 13717] 
 70.4748539041256
British Virgin Islands 
 [164.8608536   87.00061519  40.48295047  -3.0267089   14.43686241
   5.03321956   1.        ] 
 (e^a * x^b) * x^c 
 [2 2 2 2 3 3 3 3 3 3 3 3 3] 
 0.1324347798343558
Brunei 
 [-29.06782199   0.33879968   2.74293515 135.58864714  25.93108692
  19.89145569   1.        ] 
 (e^a * x^b) * x^c 
 [  1  11  25  37  40  50  54  56  68  73  78  83  88  91 104 107 114 115
 120 126 127 129 131 133 133 135 135 135 135] 
 1.5005535924199453
Bulgaria 
 [597.11226634  33.27280439  13.73708681 100.3759066   16.25553283
   8.7502903    1.        ] 
 (e^a * x^b) * x^c 
 [  2   4   7  23  31  41  51  62  81  92 105 127 163 185 201 220 242 264
 293 331 346 359 399 422 457 485 503 531 549 577] 
 4.6081379068289605
Burkina Faso 
 [313.0863176   26.24474155  12.19011774  71.00849348  27.01867805
   2.03580104   1.        ] 
 (e^a * x^b) * x^c 
 [  2   2   3   3  20  20  26  33  40  64  64  75  99 114 146 146 180 180
 222 246 261 288 288 302 345 364 384] 
 5.074583688844857
Burundi 
 [3.04477892 6.86636427 8.41394454 3.43010442 3.46427671 0.34056557
 1.        ] 
 (e^a * x^b) * x^c 
 [2 2 3 3 3 3 3 3] 
 0.059328763422391295
Cambodia 
 [116.58436611  58.30468722  18.22367964 -31.85619113  39.34603651
  -7.54607752   1.        ] 
 (e^a * x^b) * x^c 
 [  1   1   1   1   1   1   1   1   1   1   1   1   1   1   1   1   1   1
   1   1   1   1   1   1   1   1   1   1   1   1   1   1   1   1   1   2
   3   5   7  12  24  24  24  24  47  51  86  87  91  96  98 102 103 107
 109 109 110 114 114 114 114 115 117] 
 2.787798957157517
Cameroon 
 [ 4.37500695e+86  2.13968545e+03  1.52058858e+02  2.22673354e+02
  2.43573202e+01 -2.10998904e+00  1.00000000e+00] 
 (e^a * x^b) * x^c 
 [  1   2   3   4   4  10  10  14  27  27  27  56  72  72  88  88  99  99
 142 193 233 271 509 555 650 658 685] 
 11.684460212981454
Canada 
 [ 2.26898819e+04  8.07433158e+01  1.39386166e+01  1.77632611e+01
 -2.28890583e+05  3.46293138e+03  1.00000000e+00] 
 (e^a * x^b) * x^c 
 [    1     1     2     3     3     3     4     4     4     4     5     5
     7     7     7     7     7     7     7     7     8     8     8     8
     8     8     9     9     9     9    11    11    12    14    16    20
    24    27    30    33    45    51    57    62    77    93   103   138
   176   244   304   424   569   690   846   971  1231  1430  1646  1959
  3385  4018  4689  5386  6255  7424  8536  9595 11268 12519 13882 15496
 16653 17883] 
 54.57774452657194
Cape Verde 
 [ 8.65677072 33.36806216 33.16725169 -1.02253075  1.82068594 -4.13432975
  1.        ] 
 (e^a * x^b) * x^c 
 [2 3 3 3 3 4 5 5 5 5 5 6 6 6 6 7 7 7 7] 
 0.2719454860526249
Cayman Islands 
 [ 1.02050603e+01  1.62835471e+01  2.98506749e+00  2.69669116e+76
  2.01074412e+03 -1.51687400e+02  1.00000000e+00] 
 (e^a * x^b) * x^c 
 [ 1  3  3  3  3  3  3  6  8  8  8 12 14 22 28 29 35 39 39 45] 
 0.9800519389637167
Central African Republic 
 [ 3.43145572e+06 -2.78459754e+02  1.02620218e+02 -6.46266602e+05
 -2.15375984e+02 -9.02594659e+01  1.00000000e+00] 
 (e^a * x^b) * x^c 
 [1 1 1 1 1 1 3 4 4 4 4 5 5 6 6 6 6 8 8 8 9 9 9 9] 
 0.4077322624685517
Chad 
 [-2.86941528e+00  1.95058978e+00 -6.34211096e+00  9.92494515e+05
  5.39371667e+02  1.52581698e+02  1.00000000e+00] 
 (e^a * x^b) * x^c 
 [1 1 2 2 2 3 3 5 5 5 5 7 7 7 7 7 8 9 9 9] 
 0.36575990701759453
Chile 
 [ 4.61553721e+03  3.75517928e+01 -1.31566731e+01  7.52914120e+02
  3.65536950e+01  4.38319651e+00  1.00000000e+00] 
 (e^a * x^b) * x^c 
 [   1    3    4    5   10   13   17   23   33   43   61   75  156  201
  238  342  434  537  632  746  922 1142 1306 1610 1909 2139 2449 2738
 3031 3404 3737 4161 4471 4815 5116] 
 15.276067317938526
China 
 [9.11208556e+04 7.77870860e+01 3.86086857e+01 3.21976721e+04
 6.60803952e+03 7.74236518e+02 1.00000000e+00] 
 (e^a * x^b) * x^c 
 [   27    27    27    44    44    59    59    59    59    59    59    59
    59    59    59    59    59    63    80   216   235   386   526   623
   882  1323  1988  2775  4528  5994  7734  9714 11809 14399 17211 20448
 24320 28047 31207 34625 37232 40206 42696 44724 59865 64021 66559 68566
 70618 72508 74258 74652 75543 76369 77016 77234 77749 78159 78598 78927
 79355 79929 80134 80261 80380 80497 80667 80768 80814 80859 80879 80908
 80932 80954 80973 80995 81020 81063 81086 81130 81229 81281 81346 81484
 81553 81631 81733 81827 81946 82059 82157 82241 82295 82395 82465 82527
 82575 82642 82698 82784] 
 8013.7447041732885
Colombia 
 [-3.33270476e+01  6.08357896e+00 -6.14365036e+00  2.66363018e+03
  4.08137171e+01  1.82578231e+01  1.00000000e+00] 
 (e^a * x^b) * x^c 
 [   1    3    9   16   34   45   57   65  102  128  158  210  235  306
  378  470  491  539  608  702  798  906 1065 1161 1267 1406 1485 1579
 1780] 
 15.828348560566285
Congo 
 [ -65.05132715 -347.06251752  -59.1203697    46.17378419   23.20637244
   -7.99209033    1.        ] 
 (e^a * x^b) * x^c 
 [ 1  1  1  3  3  3  4  4  4  4  4  4  4 19 19 19 22 22 41 41 45 45 45 45] 
 2.6060956660410954
Costa Rica 
 [508.50501352  36.78290527 -20.4996487  -49.03275607  12.10152804
  10.57753231   1.        ] 
 (e^a * x^b) * x^c 
 [  1   5   9  13  22  23  26  27  35  41  50  69  87 113 117 134 158 177
 201 231 263 295 314 330 347 375 396 416 435 454 467 483] 
 4.003244465403588
Cote d'Ivoire 
 [166.03767414  19.03515428  -6.77882074 348.02405461  28.02507503
   4.89751256   1.        ] 
 (e^a * x^b) * x^c 
 [  1   4   4   5   5   6   9  14  17  25  25  73  80  96 101 140 165 168
 168 190 194 218 245 261 323 349] 
 5.518753083233406
Croatia 
 [9.42699101e+02 3.70234192e+01 1.11748179e+01 1.26323187e+03
 5.02843759e+01 9.59008911e+00 1.00000000e+00] 
 (e^a * x^b) * x^c 
 [   1    2    3    5    5    7    8    9   10   11   12   13   16   25
   31   37   48   56   69   81  104  126  206  235  306  382  418  495
  586  657  713  790  867  963 1011 1079 1126 1182 1222 1282] 
 8.460998268625723
Cuba 
 [371.91963309  27.88259471 -11.83565718 195.83867979  28.31154649
   2.73998898   1.        ] 
 (e^a * x^b) * x^c 
 [  3   4   4   7  11  16  21  25  35  40  48  57  67  80 119 139 170 186
 212 233 269 288 320 350 396] 
 3.4990913492405697
Curacao 
 [-2.96534667e+17 -2.25578727e+02  3.66148001e+01  2.51015408e+16
  2.25351993e+03  3.77084201e+02  1.00000000e+00] 
 (e^a * x^b) * x^c 
 [ 1  3  6  6  7  8  8  9 11 11 11 11 11 11 13 13] 
 0.4872617896049943
Cyprus 
 [ 84.5163091   13.57104073   7.76517497 484.43900419  28.53186619
  -8.96715831   1.        ] 
 (e^a * x^b) * x^c 
 [  2   6  14  21  30  40  40  58  58  67  84  95 116 124 132 146 162 179
 214 230 262 320 356 396 426 446 465 494] 
 5.003577774378679
Czech Republic 
 [ 5.21476289e+03  4.13494777e+01  1.55879623e+01  9.52640407e-02
  1.50621000e-02 -4.57446743e-02  1.00000000e+00] 
 (e^a * x^b) * x^c 
 [   3    5    5    8   12   19   26   32   40   63   94  116  150  214
  298  344  434  522  694  904  995 1165 1236 1394 1654 2062 2279 2663
 2829 3002 3308 3589 3858 4190 4472 4587 4822 5017] 
 40.75324547421622
Democratic Republic of Congo 
 [176.6073702   29.73613518  13.31076787 212.53591264  27.49764312
   0.28784698   1.        ] 
 (e^a * x^b) * x^c 
 [  1   2   2   2   3   3  14  14  14  23  26  26  45  45  54  58  58  81
  98  98 123 123 134 154 154 161 180] 
 3.4152627439720726
Denmark 
 [ 2.64784722e+04  8.94861071e+01  3.67714483e+01 -2.85695634e+00
 -2.26905295e+02 -4.81328708e+01  1.00000000e+00] 
 (e^a * x^b) * x^c 
 [   1    1    2    3    4    5    8   10   20   23   31   38  113  264
  516  676  804  827  875  932 1024 1115 1151 1255 1326 1395 1460 1591
 1724 1877 2046 2201 2395 2577 2860 3107 3386 3757 4077 4369 4681 5071] 
 126.88839941559266
Djibouti 
 [68.27062192 21.20193994  1.5304902  53.9712248  21.25714035 -9.44110822
  1.        ] 
 (e^a * x^b) * x^c 
 [  1   1   1   1   1   3   3  12  12  13  15  19  26  31  34  41  41  51
  59  90 121] 
 1.2874791120476037
Dominica 
 [ 5.95542154e+33  4.70757060e+03  5.41403283e+02 -9.26186076e+00
  1.87842231e+00 -1.94756529e+00  1.00000000e+00] 
 (e^a * x^b) * x^c 
 [ 1  1  2  7 11 11 11 11 11 11 12 12 14 14 14 15 15] 
 0.547763181416634
Dominican Republic 
 [5.85553195e+02 2.26651975e+01 7.90071047e+00 2.15932433e+03
 3.45166225e+01 1.05155668e+01 1.00000000e+00] 
 (e^a * x^b) * x^c 
 [   1    2    5   11   11   11   11   11   21   21   34  112  202  245
  312  392  488  581  719  859  901 1109 1284 1380 1488 1578 1745 1828
 1956] 
 16.104688333003374
Ecuador 
 [-3.02446958e+01 -3.07557164e+02 -1.73514338e+01  4.12404541e+03
  3.68327374e+01  1.39208684e+01  1.00000000e+00] 
 (e^a * x^b) * x^c 
 [   1    6    7   10   13   14   15   17   23   28   37   58  111  168
  199  426  532  789  981 1082 1211 1403 1627 1835 1890 1966 2302 2758
 3163 3368 3465 3646 3747 3995] 
 76.71851931726722
Egypt 
 [ 9.44411770e+95  4.96423287e+03  3.36034443e+02 -6.27550759e+01
  1.81877152e+01  1.20796795e+01  1.00000000e+00] 
 (e^a * x^b) * x^c 
 [   1    1    1    1    1    1    1    1    1    1    1    1    1    1
    1    1    2    3   15   49   55   59   60   80   93   93  110  126
  166  196  210  256  285  294  327  366  442  456  495  536  576  609
  656  710  779  779  985 1070 1073 1322] 
 14.921166194874015
El Salvador 
 [28.76275528 21.12657956  3.57640639 50.62859361 19.72070912  9.29571343
  1.        ] 
 (e^a * x^b) * x^c 
 [ 1  1  3  3  3  5  9 13 13 13 19 30 32 32 41 46 56 62 69 78 78] 
 1.4275260823732605
Equatorial Guinea 
 [11.21678061 14.51483361  7.76674408 14.13630516 25.49748584  7.7154635
  1.        ] 
 (e^a * x^b) * x^c 
 [ 1  1  1  1  3  4  4  6  6  9  9 11 12 13 13 14 14 15 15 15 16 16 16 16
 16] 
 0.3500775148014128
Eritrea 
 [26.63058982 18.27069584  5.38583867 11.05886521 11.97738188  6.26939834
  1.        ] 
 (e^a * x^b) * x^c 
 [ 1  1  1  1  4  6  6  6 12 12 15 18 22 22 29 29 31 31] 
 0.825880305968653
Estonia 
 [ 1.23241470e+03  4.06702987e+01  1.72545424e+01  1.02461527e+02
  1.56198296e+01 -3.52866869e+00  1.00000000e+00] 
 (e^a * x^b) * x^c 
 [   1    1    1    1    2    5   10   13   16   27   79  115  171  205
  225  258  267  283  306  326  352  369  404  538  575  640  679  715
  745  779  858  961 1018 1097 1108 1149] 
 17.787065998622346
Ethiopia 
 [ 4.6026616   8.31725504  4.94237411 90.82939306 39.85878974 18.1248984
  1.        ] 
 (e^a * x^b) * x^c 
 [ 1  1  4  5  5  6  7  9  9 11 11 11 12 12 16 16 16 23 25 29 29 35 38 43
 44 52] 
 0.9300197181691314
Faeroe Islands 
 [181.54093695  19.15496629  15.00914995  41.31194564   5.32284962
   7.68047161   1.        ] 
 (e^a * x^b) * x^c 
 [ 72  80  92 115 118 122 132 140 144 155 159 168 169 173 177 179 181 181
 183 184] 
 1.9830452387775126
Fiji 
 [ 7.41386476e+72  2.94692656e+03  2.27836097e+02 -1.14532159e+01
 -2.29231285e+02 -4.51083074e+01  1.00000000e+00] 
 (e^a * x^b) * x^c 
 [ 1  1  2  3  4  5  5  5  5  5  5  5  5  7  7 12 12 14 14 15] 
 1.0228682652889816
Finland 
 [ 2.85800800e+03  7.59151984e+01  2.13926405e+01 -1.39142555e+02
 -1.06275339e+02  1.16390730e+01  1.00000000e+00] 
 (e^a * x^b) * x^c 
 [   1    1    1    1    1    1    1    1    1    1    1    1    1    1
    1    1    1    1    1    1    1    1    1    1    1    1    1    1
    2    2    3    3    6    7   12   19   30   40   59  155  210  267
  272  319  369  400  450  521  626  700  792  880  958 1025 1218 1218
 1313 1384 1446 1518 1615 1882 1927 2176 2308] 
 28.29126540348394
France 
 [ 9.13812670e+04  8.20556062e+01 -1.77782574e+01  3.00317651e+03
  6.94939859e+01 -2.57400099e+00  1.00000000e+00] 
 (e^a * x^b) * x^c 
 [    3     3     3     3     4     5     6     6     6     6     6     6
     6     6    11    11    11    11    11    11    11    11    11    12
    12    12    12    12    12    12    12    12    14    17    38    57
   100   130   178   212   285   423   613   716  1126  1412  1784  2281
  2876  3661  4499  5423  6633  7730  9134 10995 12612 14459 16018 19856
 22302 25233 29155 32964 37575 40174 44550 52128 56989 59105 64338 68605
 70478 74390 78167] 
 185.41168891419036
French Polynesia 
 [-6.10108046e+01 -8.54786505e+00  9.83513402e+00  1.57516162e+16
  2.49794731e+03 -4.27891462e+02  1.00000000e+00] 
 (e^a * x^b) * x^c 
 [ 3  3 15 17 18 23 25 25 30 30 34 35 36 37 37 37 39 40 41 41 47] 
 1.3693691129572003
Gabon 
 [ 103.54258049   53.92203929   24.28780278 -343.12899643 -323.502249
  -65.19769347    1.        ] 
 (e^a * x^b) * x^c 
 [ 1  1  1  1  1  3  3  3  3  6  6  6  6  7  7  7  7  7 16 18 18 21 21 21
 21 30] 
 1.4557817714290613
Gambia 
 [ 4.06840074 18.84015133 15.50430344 -0.99963383  5.05889508 -1.79772335
  1.        ] 
 (e^a * x^b) * x^c 
 [1 1 1 1 1 1 2 3 3 3 3 3 3 4 4 4 4 4 4 4 4 4] 
 0.172679138090543
Georgia 
 [ 6.74791706e+143  8.00110343e+003  4.41055565e+002 -9.77967876e+000
  3.84513194e+000 -4.50640278e+000  1.00000000e+000] 
 (e^a * x^b) * x^c 
 [  1   1   2   3   3   3   9  12  13  15  23  24  25  30  30  30  33  34
  34  40  43  49  54  61  70  73  79  81  85  90  98 110 115 121 148 157
 174 188 196] 
 2.779313207169498
Germany 
 [ 8.62451009e+04  7.44723345e+01 -8.32646526e+00  4.47593509e+04
  6.40044609e+01  1.00382792e+01  1.00000000e+00] 
 (e^a * x^b) * x^c 
 [     1      4      4      5      7      8      9     11     11     11
     12     13     13     13     13     15     15     15     15     15
     15     15     15     15     15     15     15     15     15     17
     21     47     57    111    129    157    196    262    400    684
    847    902   1139   1296   1567   2369   3062   3795   4838   6012
   7156   8198  14138  18187  21463  24774  29212  31554  36508  42288
  48582  52547  57298  61913  67366  73522  79696  85778  91714  95391
  99225 103228] 
 325.5856555040637
Ghana 
 [-27.78536661 -43.67871146  -4.94895718 272.86702509  27.98879101
  13.15973652   1.        ] 
 (e^a * x^b) * x^c 
 [  2   2   2   6   6   7  11  16  21  24  27  53  68 132 137 141 152 152
 152 195 204 205 214 214 287 287] 
 15.054676016764521
Gibraltar 
 [ 1.10587207e+02  2.08475491e+01 -1.21245052e+01  1.60126585e+02
  1.21758147e+03 -1.86738319e+02  1.00000000e+00] 
 (e^a * x^b) * x^c 
 [ 10  10  10  15  15  15  26  35  55  56  65  69  69  69  88  95  98 103
 109 113] 
 4.0203282678545795
Greece 
 [ 2.03095347e+03  4.64100037e+01 -2.05165558e+01  5.83730409e+02
 -5.40458490e+02  1.29113808e+01  1.00000000e+00] 
 (e^a * x^b) * x^c 
 [   1    3    4    7    7   10   32   45   66   73   84   90   99  133
  190  228  331  352  387  418  464  495  530  624  695  743  821  892
  966 1061 1156 1212 1314 1375 1514 1613 1673 1735 1755 1832] 
 22.145450023794496
Greenland 
 [ 3.47442632 10.37851177  2.73902871 11.00529121 19.96622847 13.49130587
  1.        ] 
 (e^a * x^b) * x^c 
 [ 2  2  2  2  4  4  5  6  9 10 10 10 10 10 10 10 10 11 11 11] 
 0.3090755881779587
Grenada 
 [ 12.78023032  21.27842503 -22.08042464  -6.06874059   2.57320902
   2.31585043   1.        ] 
 (e^a * x^b) * x^c 
 [ 1  1  1  1  7  7  9  9  9  9 10 10 12 12 12 12 12] 
 0.6221357997219842
Guam 
 [ 1.00608806e+14  7.00665728e+02  1.29758234e+02 -2.06029430e+01
 -7.86704932e-01 -6.35595129e+00  1.00000000e+00] 
 (e^a * x^b) * x^c 
 [  3  12  14  15  27  29  32  37  49  51  55  56  60  69  77  82  87  93
 110 112 121] 
 2.226895406375645
Guatemala 
 [ 2.62741349e+04  1.55117103e+02  5.40172346e+01 -6.68321563e+00
  1.07337110e+00  4.44765882e+00  1.00000000e+00] 
 (e^a * x^b) * x^c 
 [ 1  1  6  6  8  9 13 17 19 20 21 24 25 32 34 36 36 38 46 47 50 61 70 74
 80] 
 1.613951719768316
Guernsey 
 [167.050736    19.87238137   6.28159927  29.84633375   8.20001879
  -4.27058962   1.        ] 
 (e^a * x^b) * x^c 
 [  1   1   1  17  20  23  30  34  36  39  45  45  60  78  91 114 136 154
 165 166] 
 1.9089005970033088
Guinea 
 [220.62412496  22.47452779   0.34314184 216.43197816  29.86437501
  -7.80462242   1.        ] 
 (e^a * x^b) * x^c 
 [  1   1   1   1   1   1   2   2   2   2   4   4   5   5   8   8  16  16
  30  52  52 111 121 128 144] 
 2.3732636814641963
Guinea-Bissau 
 [87.33013128 12.49996775  0.36323362 20.01054298 12.50573837  5.96019158
  1.        ] 
 (e^a * x^b) * x^c 
 [ 2  2  2  2  2  8  9  9 15 18 18 33 33] 
 1.0232253418803006
Guyana 
 [-11.76896001  15.70784802   6.4105885   37.98234484  30.77775097
  18.291332     1.        ] 
 (e^a * x^b) * x^c 
 [ 1  4  4  4  5  5  5  5  5  5  5  5  5  5  8  8  8 12 19 19 23 24 29 31
 33] 
 0.6433687670738928
Haiti 
 [-3.85981519e+04 -1.46889973e+02  8.95338298e+01  1.61524375e+05
 -2.25745374e+02 -1.11180873e+02  1.00000000e+00] 
 (e^a * x^b) * x^c 
 [ 2  2  2  2  5  7  8  8  8  8 15 15 15 16 18 18 21 21 24 25] 
 0.9315767221433588
Honduras 
 [434.90119257  49.49539817  22.81388371 168.62862549  24.41896512
  -8.00295189   1.        ] 
 (e^a * x^b) * x^c 
 [  2   3   6   8   9  12  24  24  26  27  30  36  52  67  95 110 139 141
 172 219 222 264 268 298 305 312] 
 5.210261004230562
Hungary 
 [8.23023402e+02 3.63349157e+01 1.43309418e+01 3.42627030e+02
 3.35664378e+01 3.80505918e-01 1.00000000e+00] 
 (e^a * x^b) * x^c 
 [  2   4   7   8   9  12  13  16  25  31  39  50  50  73  85 103 131 167
 187 226 261 300 343 408 447 492 525 585 623 678 733 744 817 895] 
 4.207592277255854
Iceland 
 [-1.58852523e+01 -1.22921176e+02  2.22739014e+01  1.61683579e+03
  4.30866634e+01  1.78163027e+01  1.00000000e+00] 
 (e^a * x^b) * x^c 
 [   1    1    3    6   16   26   35   43   53   55   65   70   85  117
  117  138  178  199  247  250  330  409  473  568  588  648  737  802
  890  963 1020 1086 1135 1220 1319 1364 1417 1486 1562 1586] 
 14.756030045720843
India 
 [ 8.16451851e+02  6.19396259e+01  1.07312409e+01  5.40836051e+03
  7.18188734e+01 -6.94609384e+00  1.00000000e+00] 
 (e^a * x^b) * x^c 
 [   1    1    1    2    2    3    3    3    3    3    3    3    3    3
    3    3    3    3    3    3    3    3    3    3    3    3    3    3
    3    3    3    3    3    5    6   28   29   31   34   44   50   73
   75   83   90   93  125  137  165  191  231  320  439  492  562  649
  724  873  979 1071 1251 1397 1965 2301 2902 3374 4067 4421 5194] 
 21.347992214047615
Indonesia 
 [1.         2.30233674 1.         1.         1.         1.
 1.        ] 
 x^b 
 [   2    4    6   19   34   69   96  117  134  172  172  227  309  450
  514  579  686  790  893 1046 1155 1285 1414 1528 1677 1790 1986 2092
 2273 2491 2738] 
 26.167940746717925
International 
 [720.61598037  24.74792283  13.26341946 136.73374889  16.05917779
   3.05631393   1.        ] 
 (e^a * x^b) * x^c 
 [ 10  20  61  64  64  70 135 174 174 221 221 355 355 454 542 621 634 634
 634 691 691 691 705 705 705 705 705 696] 
 15.112635661229126
Iran 
 [ 6.63371935e+04  5.34030231e+01 -1.75359492e+01  8.10140151e+03
  2.59963679e+01 -9.60366028e+00  1.00000000e+00] 
 (e^a * x^b) * x^c 
 [    2     5    18    28    43    61    95   139   245   388   593   978
  1501  2336  2922  3513  4747  5823  6566  7161  8042  9000 10075 11364
 12729 13938 14991 16169 17361 18407 19644 20610 21638 23049 24811 27017
 29406 32332 35408 38309 41495 44606 47593 50468 50468 55743 58226 60500
 62589] 
 325.4553366380295
Iraq 
 [ 3.72238015e+01  1.64192797e+01  8.16630191e+00  1.25790252e+03
  4.99594468e+01 -1.85661847e+01  1.00000000e+00] 
 (e^a * x^b) * x^c 
 [   1    5    5    6    7   13   19   21   26   31   38   54   61   61
   70   74   85   85  124  124  154  164  177  193  214  233  266  316
  346  382  458  506  547  630  694  694  772  772  878  961 1031 1031] 
 9.813765473272465
Ireland 
 [ 6.91695836e+03  4.43650347e+01  1.65218065e+01  3.08632737e-03
 -7.73192076e-02 -1.37714828e-01  1.00000000e+00] 
 (e^a * x^b) * x^c 
 [   1    1    2    6   13   18   19   21   35   43   70   91  129  169
  223  292  366  557  683  785  906 1125 1329 1564 1819 2121 2415 2615
 2910 3235 3447 3849 4273 4604 5111 5364 5709] 
 44.833961982217616
Isle of Man 
 [148.22485234  19.9527107    9.92179994 -28.87454614  12.31015307
  -2.85280772   1.        ] 
 (e^a * x^b) * x^c 
 [  1   2   2  13  23  23  26  29  32  42  42  52  65  71 114 126 127 139
 150] 
 4.182524663890315
Israel 
 [ 4.04095472e+03  4.45062159e+01 -4.91056272e+00  5.47763882e+03
  4.13077780e+01  1.09263391e+01  1.00000000e+00] 
 (e^a * x^b) * x^c 
 [   1    1    2    2    2    2    3    7    7   10   15   17   19   25
   39   70   82   96  116  178  250  260  427  433  677  712  883 1071
 1442 1930 2369 2666 3035 3619 4247 4473 4916 5591 6252 7428 8018 8430
 8904 9248] 
 63.596210566914095
Italy 
 [-1.09138834e+04  4.36932691e+01  1.31640242e+01  1.42159018e+05
  7.45230437e+01 -2.41603205e+01  1.00000000e+00] 
 (e^a * x^b) * x^c 
 [     3      3      3      3      3      3      3      3      3      3
      3      3      3      3      3      3      3      3      3      3
      3      3     17     79    132    229    322    400    650    888
   1128   1689   2036   2502   3089   3858   4636   5883   7375   9172
  10149  12462  15113  17660  21157  23980  27980  31506  35713  41035
  47021  53578  59138  63927  69176  74386  80539  86498  92472  97689
 101739 105792 110574 115242 119827 124632 128948 132547 135586] 
 469.7951134839223
Jamaica 
 [-177.34763959   -8.30029414    4.99533476  271.51861696   71.7661074
   37.404081      1.        ] 
 (e^a * x^b) * x^c 
 [ 2  6  8 10 10 13 15 16 19 19 19 19 21 25 26 26 32 34 38 38 44 47 53 55
 58 59 63] 
 1.2288591461599154
Japan 
 [ 1.76280892e+03  8.49937430e+01  5.38350435e+00  2.76196420e+03
  1.02413298e+02 -3.55480468e+01  1.00000000e+00] 
 (e^a * x^b) * x^c 
 [   1    1    1    1    1    1    1    1    1    2    2    3    3    4
    7   11   14   15   19   20   20   25   25   25   25   25   25   25
   25   29   30   38   52   59   59   66   84   93  105  132  144  144
  164  186  210  230  239  254  254  268  317  349  408  455  488  514
  568  619  675  737  780  814  824  829  873  950 1007 1046 1089 1128
 1193 1268 1364 1499 1693 1866 1953 1953 2178 2617 2935 3271 3654 3817
 3906] 
 23.51605347850413
Jersey 
 [500.21611349  40.2940081   19.95471834 -13.3773154    6.70688505
  -1.13879704   1.        ] 
 (e^a * x^b) * x^c 
 [  5  12  12  15  18  18  18  32  52  61  63  63  81  81  81 118 123 155
 169 170] 
 5.727090535680041
Jordan 
 [288.02617451  22.16666116  10.69760832 112.24265465  26.96036444
   2.94892835   1.        ] 
 (e^a * x^b) * x^c 
 [  1   1   1  15  16  35  52  56  69  84  99 112 127 153 172 212 235 259
 268 274 278 299 299 323 345 349 349] 
 6.1699491721481134
Kazakhstan 
 [231.30488874  24.65012163   1.34209119 488.69328856  24.54268893
 -10.6717425    1.        ] 
 (e^a * x^b) * x^c 
 [  6   9  11  33  37  49  53  56  60  62  79  88 120 193 229 284 325 340
 348 386 460 460 531 670 704] 
 14.48100454554385
Kenya 
 [3.75640875e+03 7.01599965e+01 2.52588620e+01 2.58660900e+01
 2.16402026e+01 1.61250441e+00 1.00000000e+00] 
 (e^a * x^b) * x^c 
 [  1   1   3   3   4   7   7   7   7  15  16  25  25  31  31  38  42  50
  59  81 110 122 126 142 158 172] 
 2.328371870400882
Kosovo 
 [   1.00115105 -129.30119067  -14.33406461  166.18413467   27.54561217
   16.51232281    1.        ] 
 (e^a * x^b) * x^c 
 [  2   2  19  19  21  24  24  31  61  63  71  79  86  88  91 106 112 112
 125 126 132 140 145 184] 
 8.114553056709388
Kuwait 
 [-5.70705106e+02  4.29204556e+01  1.18327509e+01  7.55249869e+70
  3.07808873e+03  2.43071802e+02  1.00000000e+00] 
 (e^a * x^b) * x^c 
 [  3   5  11  26  43  45  45  46  56  58  61  64  65  69  72  80 100 104
 112 123 130 142 148 159 176 188 189 191 195 208 225 235 255 266 289 317
 342 342 479 556 665 743] 
 8.829129605222882
Kyrgyzstan 
 [-1.33992352e+01  3.13665348e+00  3.26145328e+00  4.98124846e+04
  1.01881785e+02  3.52804078e+01  1.00000000e+00] 
 (e^a * x^b) * x^c 
 [  3   6   6  14  14  16  42  44  44  58  84  84  84 107 112 125 144 144
 216 228 270] 
 7.2362319834647515
Laos 
 [873.97030436 263.88738108 120.20955128 -20.63238365 -10.04812875
  -9.66791961   1.        ] 
 (e^a * x^b) * x^c 
 [ 2  2  6  6  6  6  9  9 10 10 10 10 11 12 12] 
 0.5920839345646945
Latvia 
 [ 36.07257812  19.12590327  -8.49653051 547.46619045  33.76325748
  13.32923697   1.        ] 
 (e^a * x^b) * x^c 
 [  1   2   3   6   8  10  16  19  26  31  36  61  71  86 111 124 139 180
 197 221 244 280 305 376 376 398 446 458 493 509 533 542 548] 
 4.264171127278439
Lebanon 
 [ 82.54725825  43.67100069   3.03992507 494.56250519  39.53269979
 -14.98058985   1.        ] 
 (e^a * x^b) * x^c 
 [  1   1   1   1   1   2   3   3   4  10  13  16  22  32  41  41  61  66
  93  99 120 120 133 149 163 230 248 267 304 333 368 391 412 438 446 463
 479 494 494 520 527 541 548] 
 5.399889376668279
Liberia 
 [ 3.09353373 10.32758685 10.45056125 13.50459537 22.89168552  4.50497492
  1.        ] 
 (e^a * x^b) * x^c 
 [ 1  2  2  2  2  3  3  3  3  3  3  3  3  3  3  3  6  6  7 10 13 14 14] 
 0.29537979936148856
Libya 
 [ 8.76005412e+06 -1.57171470e+02  5.79804614e+01 -1.63315253e+06
 -1.21664459e+02 -5.10988806e+01  1.00000000e+00] 
 (e^a * x^b) * x^c 
 [ 1  1  1  1  1  8  8 10 10 11 11 18 18 18 19] 
 1.204917865915225
Liechtenstein 
 [ 79.10012999  30.34896803  22.52300273 -19.56598805   5.36823611
  -5.21755218   1.        ] 
 (e^a * x^b) * x^c 
 [ 1  3  4  4  4  7  7  7 25 25 34 36 46 46 47 51 56 60 61 62 64 68 72 75
 75 77 78 78 78] 
 1.7818039982189167
Lithuania 
 [444.54198255  33.88557257 -13.09593784 444.53574848  33.89121904
 -13.09700816   1.        ] 
 (e^a * x^b) * x^c 
 [  1   1   1   1   3   3   6   9  14  17  25  33  48  69 105 143 179 209
 274 299 358 394 484 484 533 581 649 771 771 811 843 880] 
 13.81256204571238
Luxembourg 
 [2.91305774e+03 3.27374101e+01 1.07563085e+01 7.54230592e+02
 2.01866745e+01 6.71181376e+00 1.00000000e+00] 
 (e^a * x^b) * x^c 
 [   1    1    3    5    7    7   26   38   77   81  140  210  345  484
  670  798  875 1099 1333 1453 1605 1831 1950 1988 2178 2319 2487 2612
 2729 2804 2843 2970] 
 22.459320198531472
Macedonia 
 [ 1.19305881e+06  6.75542310e+02  4.32675932e+02 -3.55387198e+05
  3.37921598e+02  3.05103479e+02  1.00000000e+00] 
 (e^a * x^b) * x^c 
 [  1   1   1   1   1   3   7   9  13  13  19  31  42  48  70  85 114 136
 148 177 201 219 241 259 285 329 354 354 430 483 483 570 599] 
 7.8798042584319115
Madagascar 
 [11.77152654 18.6907139   0.44267123 78.42969707 20.05223072 11.49301547
  1.        ] 
 (e^a * x^b) * x^c 
 [ 3  3  3 17 19 19 23 24 28 37 44 46 54 59 65 71 72 77 85] 
 2.0136703738895445
Malaysia 
 [ 3.88427334e+03 -8.62839346e+03  3.40566210e+02  4.03207249e+03
  7.78947442e+01 -1.84205626e+01  1.00000000e+00] 
 (e^a * x^b) * x^c 
 [   3    4    4    4    7    7    8    8    8    8    8   10   12   14
   15   16   18   18   18   18   19   21   22   22   22   22   22   22
   22   22   22   22   22   22   23   25   25   29   36   50   50   83
   93   99  117  129  149  158  197  238  428  553  673  790  900 1030
 1183 1306 1518 1624 1796 2031 2161 2320 2470 2626 2626 2908 3116 3333
 3483 3662 3793 3963] 
 35.93005258832822
Maldives 
 [ 9.36311008e+02  3.57304676e+02 -1.66929067e+02 -8.33023005e+00
 -6.75744161e-02 -3.86478145e+00  1.00000000e+00] 
 (e^a * x^b) * x^c 
 [ 2  4  6  8  9  9 13 13 13 13 13 13 13 13 13 13 13 13 14 16 17 17 18 19
 19 19 19 19 19 19] 
 0.8031195464812408
Mali 
 [ 1.64317809e+15  8.22309531e+02  1.45082416e+02 -1.81417680e+01
  1.75988576e+00 -5.96119763e+00  1.00000000e+00] 
 (e^a * x^b) * x^c 
 [ 2  4  4  9 18 18 18 28 36 39 41 45 47 56] 
 1.7005195583115638
Malta 
 [-4.91544146e+01  4.73864180e+00  7.59910653e+00  2.45632613e+79
  5.87106365e+03  4.38776673e+02  1.00000000e+00] 
 (e^a * x^b) * x^c 
 [  3   4   6   9  12  18  21  30  38  48  53  64  73  90 107 120 129 134
 139 149 151 156 167 188 195 202 213 234 241 293] 
 5.437040602296815
Mauritania 
 [  6.19505406  25.0764033   15.43225661 -21.41420731 535.7911233
 -88.02710067   1.        ] 
 (e^a * x^b) * x^c 
 [1 1 1 1 1 2 2 2 2 2 2 2 3 3 5 5 5 5 5 6 6 6 6 6 6] 
 0.36134055947450183
Mauritius 
 [ 4.33185108e+47  2.33155218e+03  2.26556923e+02 -4.34274462e+01
  2.20408443e+00  5.89584435e+00  1.00000000e+00] 
 (e^a * x^b) * x^c 
 [  3  12  14  28  36  42  48  81  94 102 110 128 143 154 169 186 196 227
 244 268] 
 3.3502423054378716
Mexico 
 [ 2.36689222e+03  3.65020101e+01  1.41843624e+01  9.65385570e+02
  3.41882134e+01 -3.43608130e+00  1.00000000e+00] 
 (e^a * x^b) * x^c 
 [   2    4    5    7   11   16   26   41   53   82   93  118  164  203
  251  316  367  405  475  585  717  848  993 1094 1215 1378 1510 1688
 1890 2143 2439 2785] 
 9.965629659268334
Moldova 
 [654.86222196  30.95782038  -4.92608717 423.45094295  30.86771652
  13.64321397   1.        ] 
 (e^a * x^b) * x^c 
 [   1    3    4    6    8   20   23   29   30   36   49   66   80   94
  109  125  149  177  199  231  263  298  353  423  505  591  752  864
  965 1056] 
 4.033030783545265
Monaco 
 [ -2.37433497 -41.62597276   7.7657425   81.78338489  31.94116457
  16.80652895   1.        ] 
 (e^a * x^b) * x^c 
 [ 1  1  1  3  7  9  9  9 11 12 18 23 23 27 31 33 42 43 46 49 52 55 60 64
 66 73 77 79] 
 1.672505498286615
Mongolia 
 [14.70186192 22.19652332 12.96995618  5.10743889  8.34309704  4.81048377
  1.        ] 
 (e^a * x^b) * x^c 
 [ 1  1  4  5  5  6 10 10 10 10 10 11 11 12 12 12 12 14 14 14 14 14 15 15] 
 0.6019205965658168
Montenegro 
 [-10.53928198   3.8856169   -3.39615125 612.15458368  41.24252614
  20.41759083   1.        ] 
 (e^a * x^b) * x^c 
 [  2   8  13  14  14  21  27  47  53  67  75  84  85  91 109 123 144 174
 201 214 233 241] 
 6.253951806223941
Montserrat 
 [ 6.02761069 21.59808379 27.7270719  -3.46725015  3.49756525 -3.17133317
  1.        ] 
 (e^a * x^b) * x^c 
 [1 1 1 1 1 1 5 5 5 5 5 5 5 5 6 6 6 6] 
 0.4652965499741022
Morocco 
 [378.20597253  29.88209801   2.52555134 804.37148475  29.1034882
 -10.89646231   1.        ] 
 (e^a * x^b) * x^c 
 [   1    2    5    6    7   18   28   37   44   54   63   86   96  115
  134  170  225  275  345  358  479  556  617  654  708  708  919 1021
 1120 1184] 
 14.979532037919846
Mozambique 
 [ -5.07198343   2.11277492   1.80063831  10.09988818  16.08447185
 -17.58511999   1.        ] 
 (e^a * x^b) * x^c 
 [ 1  1  1  5  7  7  8  8  8  8 10 10 10 10 10 10 10] 
 0.39797064896779494
Myanmar 
 [ -40.3841693   643.08944915 -124.82670712   22.0877446    14.43571517
   -8.32731888    1.        ] 
 (e^a * x^b) * x^c 
 [ 2  3  3  5  5  8  8 14 15 16 20 20 21 21 22 22] 
 0.7348874058650804
Namibia 
 [15.77392012 24.68762186 12.17135197  1.56358887  1.53159233  4.74006135
  1.        ] 
 (e^a * x^b) * x^c 
 [ 2  2  2  2  2  2  3  3  3  3  3  4  8  8  8 11 11 11 13 13 14 14 16 16
 16] 
 0.5588535137615304
Nepal 
 [ 1.21788695e+160  8.77627092e+003  4.55242798e+002 -2.48698931e+001
 -2.36270443e+002 -2.78429332e+001  1.00000000e+000] 
 (e^a * x^b) * x^c 
 [1 1 1 1 1 1 1 1 1 1 1 1 1 1 1 1 1 1 1 1 1 1 1 1 1 1 1 1 1 1 1 1 1 1 1 1 1
 1 1 1 1 1 1 1 1 1 2 3 3 3 3 5 5 5 5 5 5 6 6 9 9 9] 
 0.6370568208354543
Netherlands 
 [ 1.86299558e+04  4.32940826e+01  1.50203326e+01  1.37348510e+03
  4.11461682e+01 -2.38157644e+00  1.00000000e+00] 
 (e^a * x^b) * x^c 
 [    1     2     7    13    18    28    38    82   128   188   265   321
   382   503   614   804   959  1135  1413  1705  2051  2460  2994  3631
  4204  4749  5560  6412  7431  8603  9762 10866 11750 12595 13614 14697
 15723 16627 17851 18803 19580] 
 69.61414816453639
New Caledonia 
 [ 7.71105642e+09  2.35804624e+03  5.24893103e+02 -1.10228017e+01
  1.43568666e+00 -3.55883802e+00  1.00000000e+00] 
 (e^a * x^b) * x^c 
 [ 2  4  5  7  9 14 15 15 15 15 16 16 16 16 18 18 18 18 18] 
 0.5907789897580065
New Zealand 
 [936.18946194  31.32331779  10.88434162 142.67229263 523.48257994
 -62.21412451   1.        ] 
 (e^a * x^b) * x^c 
 [  1   1   1   1   2   3   4   5   6   8  20  28  39  53  66 102 142 189
 262 338 416 476 552 647 647 723 772 824 872 911 943 969] 
 16.514450647682295
Nicaragua 
 [ 5.70364139 21.35817991 14.80107678 -1.03725962  9.90868105 -2.22717254
  1.        ] 
 (e^a * x^b) * x^c 
 [1 1 1 1 2 2 2 2 2 2 3 3 4 5 5 5 5 5 5 6 6] 
 0.23422087102869601
Niger 
 [270.5479598   18.88775598   2.35211315  79.67332745  14.58179253
   2.89061183   1.        ] 
 (e^a * x^b) * x^c 
 [  1   1   1   2   7   7  10  10  10  10  20  20  74  74  98 120 184 253
 278] 
 5.1764238289277795
Nigeria 
 [ 278.49106503   34.04265576   13.2065387    16.20883887 -572.92763958
   79.50095668    1.        ] 
 (e^a * x^b) * x^c 
 [  1   1   1   1   2   2   2   2   3   8   8  12  22  30  40  44  51  65
  81  97  97 131 131 151 174 190 210 232 238 254] 
 3.052039876429468
Northern Mariana Islands 
 [ 8.24597802e+00  6.96644078e+00  8.57532250e+00 -3.74170758e+02
  3.48608355e-01 -2.97341339e-01  1.00000000e+00] 
 (e^a * x^b) * x^c 
 [2 6 6 8 8 8 8 8 8] 
 0.260198119296448
Norway 
 [ 2.44154008e+05  5.80544332e+01  2.77345171e+01 -2.42047225e+05
  5.89632816e+01  2.82438177e+01  1.00000000e+00] 
 (e^a * x^b) * x^c 
 [   1    4    6   15   19   25   33   56   86  113  147  169  192  277
  489  621  621  907 1077 1169 1308 1423 1552 1742 1926 2132 2371 2566
 2916 3156 3581 3845 4102 4226 4447 4665 4935 5208 5510 5640 5755 5863] 
 57.437628856922615
Oman 
 [ 98.96693895  37.81736762  -1.29467248 418.34905708  47.66953354
 -18.90578025   1.        ] 
 (e^a * x^b) * x^c 
 [  2   4   4   6   6   6   6   7  15  16  18  18  20  20  22  24  24  39
  39  48  52  55  66  84  99 109 131 152 167 179 192 210 231 231 277 298
 371 419] 
 4.413761178336162
Pakistan 
 [-2.42404611e+02  1.17518560e+01  6.13000234e+00  6.75304345e+06
  1.83806681e+02  5.38148898e+01  1.00000000e+00] 
 (e^a * x^b) * x^c 
 [   2    2    2    4    4    5    6   16   16   20   21   21   30   31
  187  187  302  478  495  646  784  887  991 1057 1197 1197 1408 1526
 1625 2039 2291 2291 2291 2450 3277 3864 4072] 
 80.17708735491335
Palestine 
 [ 1.50581653e+161  7.23416533e+003  3.76717734e+002  4.81962715e+001
 -3.05611907e+002  5.53070642e+001  1.00000000e+000] 
 (e^a * x^b) * x^c 
 [  7  16  19  20  29  30  35  38  38  39  41  44  47  48  52  59  59  60
  62  84  91  97 106 115 117 134 155 155 217 253 260] 
 9.182451223284849
Panama 
 [-9.97668657e+01  1.04075364e+01  6.85686211e+00  3.72593326e+03
  4.41752141e+01  2.00902945e+01  1.00000000e+00] 
 (e^a * x^b) * x^c 
 [   1    7   14   27   36   43   43   69   86  109  137  200  245  313
  345  443  588  674  786  901  989 1075 1181 1317 1475 1673 1801 1988
 2100 2249] 
 17.860559947479896
Papua New Guinea 
 [ 7.72538216e+01  1.98100750e+01  3.88530919e-01  1.00000001e+00
  8.95999363e+00 -4.46825531e+04  1.00000000e+00] 
 (e^a * x^b) * x^c 
 [1 1 1 1 1 1 1 1 1 1 1 1 1 1 1 1 1 1 2] 
 8.230236106667265e-09
Paraguay 
 [ 1.21184373e+04 -1.94694385e+02  1.81168847e+02 -5.48855930e+03
 -6.23178042e+01 -1.03294750e+02  1.00000000e+00] 
 (e^a * x^b) * x^c 
 [  1   5   6   7   8   9  11  11  13  18  22  22  27  37  41  52  56  59
  64  65  69  69  77  96 104 113 113 115] 
 3.3474233115080096
Peru 
 [ 3.76163564e+04  6.43627414e+01 -2.02334099e+01  2.78743260e+02
  2.03606618e+01  8.97477552e+00  1.00000000e+00] 
 (e^a * x^b) * x^c 
 [   1    7    9   11   17   22   38   43   71   86  117  145  234  263
  318  363  395  416  558  580  635  671  852  950 1065 1323 1414 1595
 1746 2281 2561 2954] 
 24.796968191351006
Philippines 
 [ 8.68783702e+02 -2.37665793e+02  9.65524737e+00  3.96541634e+03
  6.86638661e+01 -1.18187509e+01  1.00000000e+00] 
 (e^a * x^b) * x^c 
 [   1    1    1    2    2    2    2    3    3    3    3    3    3    3
    3    3    3    3    3    3    3    3    3    3    3    3    3    3
    3    3    3    3    3    5    6   10   33   33   49   52   64  111
  140  142  187  202  230  230  380  380  462  552  636  707  803 1075
 1418 2084 2084 2311 2633 3018 3094 3246 3660 3764] 
 40.387507109638754
Poland 
 [-6.07210192e+01  1.00748513e+01  8.06484696e+00  1.13539619e+04
  5.32774679e+01  2.09286394e+01  1.00000000e+00] 
 (e^a * x^b) * x^c 
 [   1    5    6   11   17   22   31   49   68  104  125  177  238  287
  355  425  536  634  749  901 1051 1221 1389 1638 1862 2055 2311 2554
 2946 3383 3627 4102 4413 4848] 
 16.348366249896923
Portugal 
 [ 3.30475130e+03 -1.27775610e+03  1.36793544e+02  1.27974098e+04
  3.96044524e+01  1.29749028e+01  1.00000000e+00] 
 (e^a * x^b) * x^c 
 [    2     4     5     9    13    21    30    39    41    59    78   112
   169   245   331   448   642   785  1020  1280  1600  2060  2362  2995
  3544  4268  5170  5962  6408  7443  8251  9034  9886 10524 11278 11730
 12442] 
 41.7742149262401
Puerto Rico 
 [7.38247324e+01 1.17276163e+01 4.54989470e-01 5.22603406e+02
 1.23834708e+01 8.01912249e+00 1.00000000e+00] 
 (e^a * x^b) * x^c 
 [ 64 100 127 174 239 286 316 378 452 475 513 573] 
 6.958207712816094
Qatar 
 [4.15800697e+02 1.68403436e+01 8.29344739e+00 4.76313602e+06
 1.34072438e+02 3.56246181e+01 1.00000000e+00] 
 (e^a * x^b) * x^c 
 [   1    3    8   11   12   15   18   24  262  320  337  401  439  442
  452  460  470  481  494  501  526  537  549  562  590  634  693  781
  835  949  949 1325 1604 1832 2057] 
 44.10940476095326
Romania 
 [ 7.21132387e+01  1.78672131e+01 -3.20559483e+00  5.55164623e+03
  4.70391832e+01 -1.47414604e+01  1.00000000e+00] 
 (e^a * x^b) * x^c 
 [   1    1    3    3    3    4    6    7   13   15   17   25   45   64
   89  113  139  184  217  260  277  308  367  433  576  762  906 1029
 1292 1452 1760 1952 2245 2460 2738 3183 3613 3864 4057 4417] 
 22.192481670787874
Russia 
 [3.67735382e+02 5.85643859e+01 1.62962853e+00 3.28098874e+05
 1.09963744e+02 2.41507673e+01 1.00000000e+00] 
 (e^a * x^b) * x^c 
 [   2    2    2    2    2    2    2    2    2    2    2    2    2    2
    2    2    2    2    2    2    2    2    2    2    2    2    2    2
    2    2    2    3    4   10   10   25   30   45   59   63   93  114
  147  199  253  306  438  438  495  658  840 1036 1264 1534 1836 2337
 2777 3548 4149 4731 5389 6343 7497] 
 9.894354703250617
Rwanda 
 [52.43283667 25.00050918  4.0598341  73.67051015 19.16819636  9.77224244
  1.        ] 
 (e^a * x^b) * x^c 
 [  1   5   5   7  11  11  17  17  19  36  40  41  50  54  60  70  70  75
  82  82  89 102 104 105 105] 
 2.0220099057356347
Saint Kitts and Nevis 
 [ -4.47118098   2.59140725   2.14776219  16.01510902  31.03194604
 -28.21185275   1.        ] 
 (e^a * x^b) * x^c 
 [ 2  2  2  2  7  7  8  8  8  9 10 10 11 11] 
 0.49216213431620215
Saint Lucia 
 [14.69140928 22.29771723  7.5985611   2.17431963  3.88094617  5.84038356
  1.        ] 
 (e^a * x^b) * x^c 
 [ 2  2  2  2  2  2  2  2  2  2  2  3  3  3  4  9  9 13 13 13 13 14 14 14
 14] 
 0.598110108679583
Saint Vincent and the Grenadines 
 [ 7.91583347 14.76577209  4.13691176  1.13485098  3.31042284 -4.23648696
  1.        ] 
 (e^a * x^b) * x^c 
 [1 1 1 1 1 1 1 1 1 2 2 7 7 7 7 8] 
 0.47350202564523824
San Marino 
 [-110.203745      8.2820348   -20.73172914  285.68555021   43.70599141
  -41.22833463    1.        ] 
 (e^a * x^b) * x^c 
 [  1   1   1   8  10  15  22  23  26  37  49  62  66  67  73  92  98 102
 104 109 126 151 151 151 187 187 208 218 223 224 229 229 230 236 245 251
 259 266 277 279] 
 5.884727484907897
Saudi Arabia 
 [-6.51978163e+00 -2.65724092e+02  4.70100689e+01  3.28929101e+03
  4.18821165e+01  1.73928659e+01  1.00000000e+00] 
 (e^a * x^b) * x^c 
 [   1    5    7   11   15   20   45   62   86   86  118  133  133  171
  238  274  392  511  562  767  900 1012 1104 1203 1229 1453 1563 1720
 1885 1885 2179 2385 2523 2795] 
 46.14734026569094
Senegal 
 [ -7.25256081  19.67697575  -2.10105308 236.00661632  31.57910909
  15.65414817   1.        ] 
 (e^a * x^b) * x^c 
 [  1   3   4   6  19  21  26  27  31  36  36  47  56  67  79  86  99 105
 119 130 142 162 175 190 195 207 219 222 226 237] 
 2.713195517822976
Serbia 
 [2.78148150e+02 3.02537550e+01 3.14758699e+00 5.22770408e+03
 4.70264347e+01 1.81729609e+01 1.00000000e+00] 
 (e^a * x^b) * x^c 
 [   1    5   18   24   41   46   55   57   72   94  126  135  149  188
  222  249  303  384  457  659  741  741  900 1060 1171 1476 1624 1908
 2200 2447] 
 21.12808245924285
Seychelles 
 [ -3.13803917   0.60154015   3.12428414 204.34954182 218.22051418
 113.35200487   1.        ] 
 (e^a * x^b) * x^c 
 [ 2  3  4  4  6  6  7  7  7  7  7  7  7  7  7  8 10 10 10 10 10 10 10 11
 11] 
 0.46806626927373324
Sierra Leone 
 [   6.20809693    7.47189557    3.90047242   -1.06518838 -111.87526347
  -14.81671023    1.        ] 
 (e^a * x^b) * x^c 
 [1 1 2 2 4 6 6 6] 
 0.3580094198969884
Singapore 
 [ 2.75713173e+002  3.08624226e+003 -4.33993684e+002  1.82976849e+129
  7.96556010e+003  4.63034299e+002  1.00000000e+000] 
 (e^a * x^b) * x^c 
 [   3    3    4    4    5    7   10   13   16   18   18   18   24   28
   30   33   40   43   45   47   50   58   67   72   75   77   81   84
   85   86   89   89   90   91   93   96   98  102  106  108  110  112
  117  130  138  150  160  166  178  187  200  214  226  243  266  313
  345  385  432  455  509  558  568  594  732  803  844  844  879 1000
 1049 1114 1189 1309 1375 1481] 
 21.900266351108655
Sint Maarten (Dutch part) 
 [-7.16284589  5.81734154  1.61362412 41.2553821  18.42874074 10.34025345
  1.        ] 
 (e^a * x^b) * x^c 
 [ 1  2  2  3  3  3  6 16 23 23 23 25 25 40] 
 2.479440241836577
Slovakia 
 [645.57198629  37.99735781  15.8603804   85.09763701  16.88870607
  -8.5426272    1.        ] 
 (e^a * x^b) * x^c 
 [  1   3   5   7  10  21  30  44  61  84  97 107 123 137 178 185 191 204
 216 226 295 295 336 336 363 400 426 450 471 485 534 581] 
 8.804977532540065
Slovenia 
 [ 9.85487138e+01  1.34038929e+01 -4.93662886e+00  1.03154055e+03
  3.48135006e+01  1.64358328e+01  1.00000000e+00] 
 (e^a * x^b) * x^c 
 [   1    6    9   12   16   31   57   96  141  181  219  253  275  286
  319  341  383  414  442  480  528  577  632  691  730  763  814  841
  897  934  977  997 1021 1055] 
 12.825130152491738
Somalia 
 [10.64414448 31.17810138 15.18964126  0.78109151  1.87035985 -3.75852742
  1.        ] 
 (e^a * x^b) * x^c 
 [1 1 1 1 1 1 1 1 1 1 2 3 3 3 3 3 5 5 5 7 7 7 8] 
 0.2908812004270712
South Africa 
 [ 1.41570329e+03  3.27569660e+01 -4.95056129e+00  1.28244384e+03
  2.40688660e+01  6.93724206e+00  1.00000000e+00] 
 (e^a * x^b) * x^c 
 [   1    2    3    7   13   17   24   24   51   62   85  116  150  205
  240  274  402  557  709  927 1170 1187 1280 1326 1353 1380 1462 1505
 1585 1655 1686 1749] 
 27.13468243822082
South Korea 
 [ 5.03095578e+03  1.27470392e+03 -1.22220916e+02  1.02980109e+04
  6.99703445e+01 -2.65475567e+01  1.00000000e+00] 
 (e^a * x^b) * x^c 
 [    1     1     1     1     2     2     3     4     4     4     4     7
    12    15    15    16    18    23    24    24    25    27    28    28
    28    28    28    29    30    31    46    80   155   345   601   762
   892  1146  1595  2022  2931  3526  4212  4812  5328  5766  6284  6767
  7134  7382  7513  7755  7869  7979  8086  8162  8236  8320  8413  8565
  8652  8799  8897  8961  9037  9137  9241  9332  9478  9583  9661  9786
  9786  9976 10062 10156 10237 10284 10331 10384] 
 630.9629796134034
Spain 
 [ 1.43116945e+05  7.04111030e+01 -1.46654639e+01 -3.32923587e+04
  2.63539198e+04  3.78438995e+03  1.00000000e+00] 
 (e^a * x^b) * x^c 
 [     1      1      1      1      1      1      1      1      1      2
      2      2      2      2      2      2      2      2      2      2
      2      2      2      2      3      7     12     25     34     66
     83    114    151    200    261    374    430    589   1204   1639
   2140   3004   4231   5753   7753   9191  11178  13716  17147  19980
  24926  28572  33089  39673  47610  56188  64059  72248  78797  85195
  94417 102136 110238 117710 124736 130759 135032 140510] 
 319.6967697428635
Sri Lanka 
 [202.35860456  72.93703898  27.04166957 -30.65761358  36.04317426
  -7.26748159   1.        ] 
 (e^a * x^b) * x^c 
 [  1   1   1   1   1   1   1   1   1   1   1   1   1   1   1   1   1   1
   1   1   1   1   1   1   1   1   1   1   1   1   1   1   1   1   1   2
   3   6  11  19  29  42  42  53  66  78  87  97 102 102 106 106 115 120
 120 122 143 148 151 159 166 178 185] 
 3.2382983297582433
Sudan 
 [ 8.09924942e+19  3.69348602e+02  5.11394071e+01  1.73073490e+20
  8.75417956e+02 -1.27873428e+02  1.00000000e+00] 
 (e^a * x^b) * x^c 
 [ 1  1  1  1  1  2  2  2  2  2  2  3  3  3  3  5  5  6  7  7  7  7 10 12
 12 14] 
 0.41790320425407995
Suriname 
 [10.06809386 18.3631771  19.75065371 -5.03354469  1.55037432  0.97106159
  1.        ] 
 (e^a * x^b) * x^c 
 [ 1  1  5  5  6  8  8  8  8  8  8  8 10 10 10 10 10 10 10 10] 
 0.3728938558490703
Swaziland 
 [ 9.572014   21.45135902 20.44624578 -4.59297744  6.50886003 -6.18376737
  1.        ] 
 (e^a * x^b) * x^c 
 [ 1  1  1  1  1  1  1  1  4  4  4  4  6  9  9  9  9  9  9  9  9  9  9 10
 10] 
 0.5731915747320518
Sweden 
 [ 1.88953650e+04  9.40962331e+01  2.77439295e+01 -2.02452978e+01
 -1.29186734e+03 -1.91930147e+02  1.00000000e+00] 
 (e^a * x^b) * x^c 
 [   1    1    1    1    1    1    1    1    1    1    1    1    1    1
    1    1    1    1    1    1    1    1    1    1    1    1    2    7
   12   13   14   15   24   35   61  137  161  203  248  326  462  620
  775  924 1032 1121 1167 1301 1423 1623 1746 1906 2016 2272 2510 2806
 3046 3447 3700 4028 4435 4947 5466 6078 6443 6830 7206 7693] 
 66.11071084475202
Switzerland 
 [9.93982928e+03 4.59755092e+01 6.86495855e+00 1.56625506e+04
 3.86103967e+01 1.26392627e+01 1.00000000e+00] 
 (e^a * x^b) * x^c 
 [    1     1     8    12    18    24    30    37    57    87   209   264
   332   374   490   642   854  1121  1359  2200  2200  2650  3010  3888
  4840  6077  6971  8015  8789  9714 10714 12104 13152 14274 15412 16108
 17070 18194 19227 20201 21022 21574 22164] 
 88.61685317135915
Syria 
 [ 2.02069003e+03  4.71357131e+01 -2.34608582e+01 -5.29123301e+03
  6.29966968e+01  2.81860412e+01  1.00000000e+00] 
 (e^a * x^b) * x^c 
 [ 1  1  1  1  5  5  5  9 10 10 10 16 16 16 19 19 19] 
 0.906675304819593
Taiwan 
 [ 31.29674659  39.15252541  21.93085975 365.57580089  75.15984345
  15.26091274   1.        ] 
 (e^a * x^b) * x^c 
 [  1   1   1   1   3   3   5   7   8   8   9  10  10  10  10  11  11  16
  17  18  18  18  18  18  18  18  18  20  22  22  24  24  26  26  28  30
  31  32  34  39  40  40  41  42  44  45  45  45  48  48  49  53  59  59
  67  77 108 108 135 153 165 195 216 235 252 267 283 306 306 322 339 339
 355 363 363 373 376] 
 4.632066286238415
Tanzania 
 [23.14586032 21.9910109  12.49459376  5.93424783  8.06781161  2.1684471
  1.        ] 
 (e^a * x^b) * x^c 
 [ 1  1  3  3  3  6 12 12 12 12 13 13 13 14 19 19 20 21 21 21 22 24 24] 
 0.8703434674428456
Thailand 
 [ 2.34427867e+03  8.12069057e+01  1.39199642e+01  2.56647739e+02
  6.57227213e+01 -2.98016027e+00  1.00000000e+00] 
 (e^a * x^b) * x^c 
 [   1    1    1    1    2    2    2    2    2    4    4    4    5    5
    8   14   14   14   14   19   19   19   19   25   25   25   32   32
   32   32   33   33   33   34   34   34   35   35   35   35   35   35
   35   37   40   40   40   42   42   43   47   50   59   70   82   82
  114  177  177  177  212  366  599  721  827  934 1045 1136 1136 1245
 1388 1651 1651 1771 1875 1978 2169 2220 2258 2369] 
 25.01499722037411
Timor 
 [ 1.         -0.45060074  0.06507416  8.08172247  0.27739924 22.03320736] 
 a^(b*x) + c^(d*x) + f^(g*x) 
 [1 1 1 1 1 1 1 1 1 1 1 1 1 1 1 1 1 1] 
 1.5467528492586605e-11
Togo 
 [ 3.00989760e+88  5.14208740e+03  3.62074449e+02 -1.14545602e+01
  4.63379267e+00 -4.14925795e+00  1.00000000e+00] 
 (e^a * x^b) * x^c 
 [ 1  1  1  1  1  1  1  9 15 15 18 18 23 24 25 28 30 34 34 36 39 40 41 44
 58 65] 
 1.967496693781121
Trinidad and Tobago 
 [-26.02921374   5.58656072   4.64336736 109.02564474  29.60906502
 -20.70350061   1.        ] 
 (e^a * x^b) * x^c 
 [  1   2   2   4   5   7   9   9   9  49  50  51  57  60  65  66  74  78
  85  87  89  97 100 103 104 105 107] 
 3.3256618402474527
Tunisia 
 [ 5.29634913e+08  2.42344984e+02  5.57127027e+01  3.12494799e+02
  2.91263714e+01 -1.03836033e+01  1.00000000e+00] 
 (e^a * x^b) * x^c 
 [  1   2   5   7  13  16  16  18  20  24  29  39  54  60  75  89 114 173
 173 227 227 278 312 362 394 455 455 495 553 574 596] 
 6.71251011958675
Turks and Caicos Islands 
 [ -2.65147744   1.87954356   2.08464873 226.4311106  151.32050471
 -73.18479101   1.        ] 
 (e^a * x^b) * x^c 
 [1 1 2 2 5 5 5 5 5 5 5 5 5 8 8] 
 0.6493784119650716
Uganda 
 [-20.01781648   3.17639276  -7.13340875  52.13621846  16.82756457
  16.21683022   1.        ] 
 (e^a * x^b) * x^c 
 [ 1  1  9  9 14 14 14 30 33 33 44 44 45 48 48 52 52 52] 
 2.116492896339795
Ukraine 
 [1.15011653e+01 6.91876237e+00 2.73692233e+00 1.56592283e+03
 2.88723795e+01 1.00220890e+01 1.00000000e+00] 
 (e^a * x^b) * x^c 
 [   1    3    3    5   14   19   26   26   41   47   73   84  113  156
  218  311  418  480  549  794  804  987 1096 1251 1319 1462] 
 14.356294530720865
United Arab Emirates 
 [-3.71924457e+001 -3.55373960e+002  3.41407868e+001  6.86730684e+161
  4.32327197e+003 -2.22825137e+002  1.00000000e+000] 
 (e^a * x^b) * x^c 
 [   1    1    1    4    4    4    5    5    5    5    5    5    7    7
    7    8    8    8    8    8    8    9    9    9    9    9   11   13
   13   13   13   13   19   19   21   21   27   29   45   59   74   85
   85   86   98  113  113  140  140  153  153  198  248  333  333  405
  468  468  611  664  664 1024 1024 1505 1799 2076 2359] 
 25.923061164964682
United Kingdom 
 [1.1209468  1.26168042 1.12080693 1.26306083 1.12074059 1.26371676] 
 a^(b*x) + c^(d*x) + f^(g*x) 
 [    2     2     2     2     2     2     2     3     3     4     4     8
     8     9     9     9     9     9     9     9     9     9     9     9
    13    13    13    13    16    18    23    36    40    51    85   115
   163   206   273   321   373   456   590   707  1140  1391  1543  1950
  2630  3277  3983  5018  5683  6650  8077  9529 11658 14543 17089 19522
 22141 25150 29474 33718 38168 41903 47806 51608 55242] 
 735.7777304288732
United States 
 [-8.72809423e+04  7.01400372e+01  1.43161325e+01  6.28003858e+05
  9.04200414e+01 -2.03989827e+01  1.00000000e+00] 
 (e^a * x^b) * x^c 
 [     1      1      1      1      2      2      5      5      5      5
      6      7      8     11     11     11     12     12     12     12
     12     13     13     14     15     15     15     15     15     15
     15     16     35     35     35     53     53     59     60     66
     69     89    103    125    159    233    338    433    554    754
   1025   1312   1663   2174   2951   3774   4661   6427   9415  14250
  19624  26747  35206  46442  55231  69194  85991 104686 124665 143025
 164620 189618 216721 245540 277965 312237 337635 368196 398809] 
 505.2859564028817
United States Virgin Islands 
 [  51.73977294   21.35808298  -17.65946183    0.32977207 -296.94024161
   47.15370342    1.        ] 
 (e^a * x^b) * x^c 
 [17 17 17 17 19 22 30 30 30 33 40 40 42 42 45] 
 1.803845281396064
Uruguay 
 [414.29616934  25.70388227  11.72560435 113.94297646  12.23047663
   7.75298605   1.        ] 
 (e^a * x^b) * x^c 
 [  6   8  29  50  79  94 110 135 158 162 189 217 238 238 304 309 320 338
 338 369 386 400 406 415 424] 
 7.986079889246843
Uzbekistan 
 [449.56232069  26.57884087   3.95627696 210.36980313  22.5693041
  11.4915212    1.        ] 
 (e^a * x^b) * x^c 
 [  6   8  16  23  23  33  33  46  49  55  65  83 104 133 145 149 173 187
 190 227 266 342 397 504] 
 5.641759922901941
Vatican 
 [ 7.20248178 21.57732574  9.82110745  0.93080646  2.22967931 -3.46891973
  1.        ] 
 (e^a * x^b) * x^c 
 [1 1 1 1 1 1 1 1 1 1 1 1 5 5 6 6 6 6 6 6 7 7 7 7 7] 
 0.5316720491337796
Venezuela 
 [135.32404213  29.60022682   5.36324022 137.68597518  18.89633544
  11.09206109   1.        ] 
 (e^a * x^b) * x^c 
 [ 10  15  33  33  33  33  36  36  36  84  91 106 107 119 119 119 135 135
 143 144 144 144 148 159 166] 
 6.138192957332177
Vietnam 
 [7.35680379e+103 7.65840230e+003 4.96131732e+002 9.67478887e+001
 6.44077798e+001 7.83158891e+000 1.00000000e+000] 
 (e^a * x^b) * x^c 
 [  2   2   2   2   2   2   2   5   5   7   8   9  10  10  12  13  14  14
  15  15  16  16  16  16  16  16  16  16  16  16  16  16  16  16  16  16
  16  16  16  17  21  30  31  35  39  44  49  53  57  61  61  76  85  87
  94 118 123 134 148 153 169 223 228 229 229 235 239 239 240 241 245 251] 
 4.754232922504402
World 
 [1.86248608e+06 1.10759102e+02 1.99300280e+01 8.84087910e+04
 6.19514048e+01 2.24169649e+01 1.00000000e+00] 
 (e^a * x^b) * x^c 
 [     27      27      27      44      44      59      59      59      59
      59      59      59      59      60      60      61      61      66
      83     219     239     392     534     631     897    1350    2023
    2820    4587    6067    7823    9826   11946   14554   17372   20615
   24522   28273   31491   34933   37552   40540   43105   45177   60328
   64543   67103   69265   71332   73327   75191   75723   76719   77804
   78812   79339   80132   80995   82101   83365   85203   87024   89068
   90865   93077   95316   98172  102133  105824  109695  114232  118610
  125497  133852  143227  154774  167418  180096  194836  213150  242364
  271106  305117  338133  377918  416845  468049  527767  591704  656868
  715358  777133  851341  928490 1005937 1087651 1174364 1245596 1316988
 1391890] 
 3477.4459860127304
Zambia 
 [39.52565257 19.5161466   8.75640114 11.56378286 12.44531116  3.42664277
  1.        ] 
 (e^a * x^b) * x^c 
 [ 2  2  2  2  3  3  3 12 14 16 28 29 35 35 36 39 39 39 39 39 39] 
 1.2340781555399496
Zimbabwe 
 [72.0967816  31.08979736  6.97383437  8.40694463 14.38040715  8.7630548
  1.        ] 
 (e^a * x^b) * x^c 
 [ 1  2  2  2  2  3  3  5  7  7  7  8  8  8  9  9  9  9 10] 
 0.3993850302919011
